10.000000 -1.990000 0.000000 0.000000 -200.000000 -0.056948
10.000000 -1.990000 0.000000 0.000000 -75.000000 0.011013
10.000000 -1.990000 0.000000 0.000000 0.000000 0.078519
10.000000 -1.990000 0.000000 0.000000 75.000000 0.110930
10.000000 -1.990000 0.000000 0.000000 200.000000 0.068319
10.000000 -1.990000 0.000000 1.000000 -200.000000 -0.071894
10.000000 -1.990000 0.000000 1.000000 -75.000000 0.008742
10.000000 -1.990000 0.000000 1.000000 0.000000 0.083821
10.000000 -1.990000 0.000000 1.000000 75.000000 0.124474
10.000000 -1.990000 0.000000 1.000000 200.000000 0.078277
10.000000 -1.990000 0.000000 10.000000 -200.000000 -0.146738
10.000000 -1.990000 0.000000 10.000000 -75.000000 -0.066102
10.000000 -1.990000 0.000000 10.000000 0.000000 0.013698
10.000000 -1.990000 0.000000 10.000000 75.000000 0.076273
10.000000 -1.990000 0.000000 10.000000 200.000000 0.048202
10.000000 -1.990000 0.000000 0.000000 -200.000000 -0.056948
10.000000 -1.990000 0.000000 0.000000 -75.000000 0.011013
10.000000 -1.990000 0.000000 0.000000 0.000000 0.078519
10.000000 -1.990000 0.000000 0.000000 75.000000 0.110930
10.000000 -1.990000 0.000000 0.000000 200.000000 0.068319
10.000000 -1.990000 0.000000 0.000000 -200.000000 -0.056948
10.000000 -1.990000 0.000000 0.000000 -75.000000 0.011013
10.000000 -1.990000 0.000000 0.000000 0.000000 0.078519
10.000000 -1.990000 0.000000 0.000000 75.000000 0.110930
10.000000 -1.990000 0.000000 0.000000 200.000000 0.068319
10.000000 -1.990000 10.500000 1.000000 -200.000000 -0.083409
10.000000 -1.990000 10.500000 1.000000 -75.000000 -0.006459
10.000000 -1.990000 10.500000 1.000000 0.000000 0.062305
10.000000 -1.990000 10.500000 1.000000 75.000000 0.101147
10.000000 -1.990000 10.500000 1.000000 200.000000 0.054949
10.000000 -1.990000 0.000000 10.000000 -200.000000 -0.146738
10.000000 -1.990000 0.000000 10.000000 -75.000000 -0.066102
10.000000 -1.990000 0.000000 10.000000 0.000000 0.013698
10.000000 -1.990000 0.000000 10.000000 75.000000 0.076273
10.000000 -1.990000 0.000000 10.000000 200.000000 0.048202
10.000000 -1.990000 0.000000 0.000000 -200.000000 -0.056948
10.000000 -1.990000 0.000000 0.000000 -75.000000 0.011013
10.000000 -1.990000 0.000000 0.000000 0.000000 0.078519
10.000000 -1.990000 0.000000 0.000000 75.000000 0.110930
10.000000 -1.990000 0.000000 0.000000 200.000000 0.068319
10.000000 -1.990000 0.000000 0.000000 -200.000000 -0.056948
10.000000 -1.990000 0.000000 0.000000 -75.000000 0.011013
10.000000 -1.990000 0.000000 0.000000 0.000000 0.078519
10.000000 -1.990000 0.000000 0.000000 75.000000 0.110930
10.000000 -1.990000 0.000000 0.000000 200.000000 0.068319
10.000000 -1.990000 40.000000 1.000000 -200.000000 0.040103
10.000000 -1.990000 40.000000 1.000000 -75.000000 0.133568
10.000000 -1.990000 40.000000 1.000000 0.000000 0.218361
10.000000 -1.990000 40.000000 1.000000 75.000000 0.240514
10.000000 -1.990000 40.000000 1.000000 200.000000 0.209546
10.000000 -1.990000 0.000000 10.000000 -200.000000 -0.146738
10.000000 -1.990000 0.000000 10.000000 -75.000000 -0.066102
10.000000 -1.990000 0.000000 10.000000 0.000000 0.013698
10.000000 -1.990000 0.000000 10.000000 75.000000 0.076273
10.000000 -1.990000 0.000000 10.000000 200.000000 0.048202
10.000000 -1.990000 0.000000 0.000000 -200.000000 -0.056948
10.000000 -1.990000 0.000000 0.000000 -75.000000 0.011013
10.000000 -1.990000 0.000000 0.000000 0.000000 0.078519
10.000000 -1.990000 0.000000 0.000000 75.000000 0.110930
10.000000 -1.990000 0.000000 0.000000 200.000000 0.068319
10.000000 -1.990000 0.000000 0.000000 -200.000000 -0.056948
10.000000 -1.990000 0.000000 0.000000 -75.000000 0.011013
10.000000 -1.990000 0.000000 0.000000 0.000000 0.078519
10.000000 -1.990000 0.000000 0.000000 75.000000 0.110930
10.000000 -1.990000 0.000000 0.000000 200.000000 0.068319
10.000000 -1.990000 80.000000 1.000000 -200.000000 0.040103
10.000000 -1.990000 80.000000 1.000000 -75.000000 0.133568
10.000000 -1.990000 80.000000 1.000000 0.000000 0.218361
10.000000 -1.990000 80.000000 1.000000 75.000000 0.240514
10.000000 -1.990000 80.000000 1.000000 200.000000 0.209546
10.000000 -1.990000 0.000000 10.000000 -200.000000 -0.146738
10.000000 -1.990000 0.000000 10.000000 -75.000000 -0.066102
10.000000 -1.990000 0.000000 10.000000 0.000000 0.013698
10.000000 -1.990000 0.000000 10.000000 75.000000 0.076273
10.000000 -1.990000 0.000000 10.000000 200.000000 0.048202
10.000000 -1.990000 0.000000 0.000000 -200.000000 -0.056948
10.000000 -1.990000 0.000000 0.000000 -75.000000 0.011013
10.000000 -1.990000 0.000000 0.000000 0.000000 0.078519
10.000000 -1.990000 0.000000 0.000000 75.000000 0.110930
10.000000 -1.990000 0.000000 0.000000 200.000000 0.068319
10.000000 0.000000 0.000000 0.000000 -200.000000 -0.073263
10.000000 0.000000 0.000000 0.000000 -75.000000 -0.069191
10.000000 0.000000 0.000000 0.000000 0.000000 -0.008978
10.000000 0.000000 0.000000 0.000000 75.000000 0.024288
10.000000 0.000000 0.000000 0.000000 200.000000 -0.020740
10.000000 0.000000 0.000000 1.000000 -200.000000 -0.104729
10.000000 0.000000 0.000000 1.000000 -75.000000 -0.095225
10.000000 0.000000 0.000000 1.000000 0.000000 -0.027438
10.000000 0.000000 0.000000 1.000000 75.000000 0.014069
10.000000 0.000000 0.000000 1.000000 200.000000 -0.034545
10.000000 0.000000 0.000000 10.000000 -200.000000 -0.207602
10.000000 0.000000 0.000000 10.000000 -75.000000 -0.198098
10.000000 0.000000 0.000000 10.000000 0.000000 -0.125591
10.000000 0.000000 0.000000 10.000000 75.000000 -0.055438
10.000000 0.000000 0.000000 10.000000 200.000000 -0.064932
10.000000 0.000000 0.000000 0.000000 -200.000000 -0.073263
10.000000 0.000000 0.000000 0.000000 -75.000000 -0.069191
10.000000 0.000000 0.000000 0.000000 0.000000 -0.008978
10.000000 0.000000 0.000000 0.000000 75.000000 0.024288
10.000000 0.000000 0.000000 0.000000 200.000000 -0.020740
10.000000 0.000000 0.000000 0.000000 -200.000000 -0.073263
10.000000 0.000000 0.000000 0.000000 -75.000000 -0.069191
10.000000 0.000000 0.000000 0.000000 0.000000 -0.008978
10.000000 0.000000 0.000000 0.000000 75.000000 0.024288
10.000000 0.000000 0.000000 0.000000 200.000000 -0.020740
10.000000 0.000000 10.500000 1.000000 -200.000000 -0.122664
10.000000 0.000000 10.500000 1.000000 -75.000000 -0.113160
10.000000 0.000000 10.500000 1.000000 0.000000 -0.051689
10.000000 0.000000 10.500000 1.000000 75.000000 -0.011993
10.000000 0.000000 10.500000 1.000000 200.000000 -0.060607
10.000000 0.000000 0.000000 10.000000 -200.000000 -0.207602
10.000000 0.000000 0.000000 10.000000 -75.000000 -0.198098
10.000000 0.000000 0.000000 10.000000 0.000000 -0.125591
10.000000 0.000000 0.000000 10.000000 75.000000 -0.055438
10.000000 0.000000 0.000000 10.000000 200.000000 -0.064932
10.000000 0.000000 0.000000 0.000000 -200.000000 -0.073263
10.000000 0.000000 0.000000 0.000000 -75.000000 -0.069191
10.000000 0.000000 0.000000 0.000000 0.000000 -0.008978
10.000000 0.000000 0.000000 0.000000 75.000000 0.024288
10.000000 0.000000 0.000000 0.000000 200.000000 -0.020740
10.000000 0.000000 0.000000 0.000000 -200.000000 -0.073263
10.000000 0.000000 0.000000 0.000000 -75.000000 -0.069191
10.000000 0.000000 0.000000 0.000000 0.000000 -0.008978
10.000000 0.000000 0.000000 0.000000 75.000000 0.024288
10.000000 0.000000 0.000000 0.000000 200.000000 -0.020740
10.000000 0.000000 40.000000 1.000000 -200.000000 0.152988
10.000000 0.000000 40.000000 1.000000 -75.000000 0.173171
10.000000 0.000000 40.000000 1.000000 0.000000 0.256544
10.000000 0.000000 40.000000 1.000000 75.000000 0.284718
10.000000 0.000000 40.000000 1.000000 200.000000 0.251333
10.000000 0.000000 0.000000 10.000000 -200.000000 -0.207602
10.000000 0.000000 0.000000 10.000000 -75.000000 -0.198098
10.000000 0.000000 0.000000 10.000000 0.000000 -0.125591
10.000000 0.000000 0.000000 10.000000 75.000000 -0.055438
10.000000 0.000000 0.000000 10.000000 200.000000 -0.064932
10.000000 0.000000 0.000000 0.000000 -200.000000 -0.073263
10.000000 0.000000 0.000000 0.000000 -75.000000 -0.069191
10.000000 0.000000 0.000000 0.000000 0.000000 -0.008978
10.000000 0.000000 0.000000 0.000000 75.000000 0.024288
10.000000 0.000000 0.000000 0.000000 200.000000 -0.020740
10.000000 0.000000 0.000000 0.000000 -200.000000 -0.073263
10.000000 0.000000 0.000000 0.000000 -75.000000 -0.069191
10.000000 0.000000 0.000000 0.000000 0.000000 -0.008978
10.000000 0.000000 0.000000 0.000000 75.000000 0.024288
10.000000 0.000000 0.000000 0.000000 200.000000 -0.020740
10.000000 0.000000 80.000000 1.000000 -200.000000 0.152988
10.000000 0.000000 80.000000 1.000000 -75.000000 0.173171
10.000000 0.000000 80.000000 1.000000 0.000000 0.256544
10.000000 0.000000 80.000000 1.000000 75.000000 0.284718
10.000000 0.000000 80.000000 1.000000 200.000000 0.251333
10.000000 0.000000 0.000000 10.000000 -200.000000 -0.207602
10.000000 0.000000 0.000000 10.000000 -75.000000 -0.198098
10.000000 0.000000 0.000000 10.000000 0.000000 -0.125591
10.000000 0.000000 0.000000 10.000000 75.000000 -0.055438
10.000000 0.000000 0.000000 10.000000 200.000000 -0.064932
10.000000 0.000000 0.000000 0.000000 -200.000000 -0.073263
10.000000 0.000000 0.000000 0.000000 -75.000000 -0.069191
10.000000 0.000000 0.000000 0.000000 0.000000 -0.008978
10.000000 0.000000 0.000000 0.000000 75.000000 0.024288
10.000000 0.000000 0.000000 0.000000 200.000000 -0.020740
10.000000 1.990000 0.000000 0.000000 -200.000000 -0.010625
10.000000 1.990000 0.000000 0.000000 -75.000000 -0.015293
10.000000 1.990000 0.000000 0.000000 0.000000 0.005438
10.000000 1.990000 0.000000 0.000000 75.000000 0.084933
10.000000 1.990000 0.000000 0.000000 200.000000 0.014151
10.000000 1.990000 0.000000 1.000000 -200.000000 -0.030438
10.000000 1.990000 0.000000 1.000000 -75.000000 -0.029674
10.000000 1.990000 0.000000 1.000000 0.000000 -0.001368
10.000000 1.990000 0.000000 1.000000 75.000000 0.086368
10.000000 1.990000 0.000000 1.000000 200.000000 0.007401
10.000000 1.990000 0.000000 10.000000 -200.000000 -0.197176
10.000000 1.990000 0.000000 10.000000 -75.000000 -0.196413
10.000000 1.990000 0.000000 10.000000 0.000000 -0.163386
10.000000 1.990000 0.000000 10.000000 75.000000 -0.042733
10.000000 1.990000 0.000000 10.000000 200.000000 -0.074035
10.000000 1.990000 0.000000 0.000000 -200.000000 -0.010625
10.000000 1.990000 0.000000 0.000000 -75.000000 -0.015293
10.000000 1.990000 0.000000 0.000000 0.000000 0.005438
10.000000 1.990000 0.000000 0.000000 75.000000 0.084933
10.000000 1.990000 0.000000 0.000000 200.000000 0.014151
10.000000 1.990000 0.000000 0.000000 -200.000000 -0.010625
10.000000 1.990000 0.000000 0.000000 -75.000000 -0.015293
10.000000 1.990000 0.000000 0.000000 0.000000 0.005438
10.000000 1.990000 0.000000 0.000000 75.000000 0.084933
10.000000 1.990000 0.000000 0.000000 200.000000 0.014151
10.000000 1.990000 10.500000 1.000000 -200.000000 -0.044185
10.000000 1.990000 10.500000 1.000000 -75.000000 -0.043421
10.000000 1.990000 10.500000 1.000000 0.000000 -0.021431
10.000000 1.990000 10.500000 1.000000 75.000000 0.064494
10.000000 1.990000 10.500000 1.000000 200.000000 -0.019861
10.000000 1.990000 0.000000 10.000000 -200.000000 -0.197176
10.000000 1.990000 0.000000 10.000000 -75.000000 -0.196413
10.000000 1.990000 0.000000 10.000000 0.000000 -0.163386
10.000000 1.990000 0.000000 10.000000 75.000000 -0.042733
10.000000 1.990000 0.000000 10.000000 200.000000 -0.074035
10.000000 1.990000 0.000000 0.000000 -200.000000 -0.010625
10.000000 1.990000 0.000000 0.000000 -75.000000 -0.015293
10.000000 1.990000 0.000000 0.000000 0.000000 0.005438
10.000000 1.990000 0.000000 0.000000 75.000000 0.084933
10.000000 1.990000 0.000000 0.000000 200.000000 0.014151
10.000000 1.990000 0.000000 0.000000 -200.000000 -0.010625
10.000000 1.990000 0.000000 0.000000 -75.000000 -0.015293
10.000000 1.990000 0.000000 0.000000 0.000000 0.005438
10.000000 1.990000 0.000000 0.000000 75.000000 0.084933
10.000000 1.990000 0.000000 0.000000 200.000000 0.014151
10.000000 1.990000 40.000000 1.000000 -200.000000 0.131402
10.000000 1.990000 40.000000 1.000000 -75.000000 0.142846
10.000000 1.990000 40.000000 1.000000 0.000000 0.192240
10.000000 1.990000 40.000000 1.000000 75.000000 0.264820
10.000000 1.990000 40.000000 1.000000 200.000000 0.195286
10.000000 1.990000 0.000000 10.000000 -200.000000 -0.197176
10.000000 1.990000 0.000000 10.000000 -75.000000 -0.196413
10.000000 1.990000 0.000000 10.000000 0.000000 -0.163386
10.000000 1.990000 0.000000 10.000000 75.000000 -0.042733
10.000000 1.990000 0.000000 10.000000 200.000000 -0.074035
10.000000 1.990000 0.000000 0.000000 -200.000000 -0.010625
10.000000 1.990000 0.000000 0.000000 -75.000000 -0.015293
10.000000 1.990000 0.000000 0.000000 0.000000 0.005438
10.000000 1.990000 0.000000 0.000000 75.000000 0.084933
10.000000 1.990000 0.000000 0.000000 200.000000 0.014151
10.000000 1.990000 0.000000 0.000000 -200.000000 -0.010625
10.000000 1.990000 0.000000 0.000000 -75.000000 -0.015293
10.000000 1.990000 0.000000 0.000000 0.000000 0.005438
10.000000 1.990000 0.000000 0.000000 75.000000 0.084933
10.000000 1.990000 0.000000 0.000000 200.000000 0.014151
10.000000 1.990000 80.000000 1.000000 -200.000000 0.131402
10.000000 1.990000 80.000000 1.000000 -75.000000 0.142846
10.000000 1.990000 80.000000 1.000000 0.000000 0.192240
10.000000 1.990000 80.000000 1.000000 75.000000 0.264820
10.000000 1.990000 80.000000 1.000000 200.000000 0.195286
10.000000 1.990000 0.000000 10.000000 -200.000000 -0.197176
10.000000 1.990000 0.000000 10.000000 -75.000000 -0.196413
10.000000 1.990000 0.000000 10.000000 0.000000 -0.163386
10.000000 1.990000 0.000000 10.000000 75.000000 -0.042733
10.000000 1.990000 0.000000 10.000000 200.000000 -0.074035
10.000000 1.990000 0.000000 0.000000 -200.000000 -0.010625
10.000000 1.990000 0.000000 0.000000 -75.000000 -0.015293
10.000000 1.990000 0.000000 0.000000 0.000000 0.005438
10.000000 1.990000 0.000000 0.000000 75.000000 0.084933
10.000000 1.990000 0.000000 0.000000 200.000000 0.014151
35.000000 -1.990000 0.000000 0.000000 -200.000000 0.236498
35.000000 -1.990000 0.000000 0.000000 -75.000000 0.288639
35.000000 -1.990000 0.000000 0.000000 0.000000 0.386084
35.000000 -1.990000 0.000000 0.000000 75.000000 0.400514
35.000000 -1.990000 0.000000 0.000000 200.000000 0.362299
35.000000 -1.990000 0.000000 1.000000 -200.000000 0.179717
35.000000 -1.990000 0.000000 1.000000 -75.000000 0.244531
35.000000 -1.990000 0.000000 1.000000 0.000000 0.345561
35.000000 -1.990000 0.000000 1.000000 75.000000 0.368233
35.000000 -1.990000 0.000000 1.000000 200.000000 0.326432
35.000000 -1.990000 0.000000 10.000000 -200.000000 0.009693
35.000000 -1.990000 0.000000 10.000000 -75.000000 0.074507
35.000000 -1.990000 0.000000 10.000000 0.000000 0.180258
35.000000 -1.990000 0.000000 10.000000 75.000000 0.224853
35.000000 -1.990000 0.000000 10.000000 200.000000 0.201178
35.000000 -1.990000 0.000000 0.000000 -200.000000 0.236498
35.000000 -1.990000 0.000000 0.000000 -75.000000 0.288639
35.000000 -1.990000 0.000000 0.000000 0.000000 0.386084
35.000000 -1.990000 0.000000 0.000000 75.000000 0.400514
35.000000 -1.990000 0.000000 0.000000 200.000000 0.362299
35.000000 -1.990000 0.000000 0.000000 -200.000000 0.236498
35.000000 -1.990000 0.000000 0.000000 -75.000000 0.288639
35.000000 -1.990000 0.000000 0.000000 0.000000 0.386084
35.000000 -1.990000 0.000000 0.000000 75.000000 0.400514
35.000000 -1.990000 0.000000 0.000000 200.000000 0.362299
35.000000 -1.990000 10.500000 1.000000 -200.000000 0.092445
35.000000 -1.990000 10.500000 1.000000 -75.000000 0.153573
35.000000 -1.990000 10.500000 1.000000 0.000000 0.232241
35.000000 -1.990000 10.500000 1.000000 75.000000 0.253102
35.000000 -1.990000 10.500000 1.000000 200.000000 0.211301
35.000000 -1.990000 0.000000 10.000000 -200.000000 0.009693
35.000000 -1.990000 0.000000 10.000000 -75.000000 0.074507
35.000000 -1.990000 0.000000 10.000000 0.000000 0.180258
35.000000 -1.990000 0.000000 10.000000 75.000000 0.224853
35.000000 -1.990000 0.000000 10.000000 200.000000 0.201178
35.000000 -1.990000 0.000000 0.000000 -200.000000 0.236498
35.000000 -1.990000 0.000000 0.000000 -75.000000 0.288639
35.000000 -1.990000 0.000000 0.000000 0.000000 0.386084
35.000000 -1.990000 0.000000 0.000000 75.000000 0.400514
35.000000 -1.990000 0.000000 0.000000 200.000000 0.362299
35.000000 -1.990000 0.000000 0.000000 -200.000000 0.236498
35.000000 -1.990000 0.000000 0.000000 -75.000000 0.288639
35.000000 -1.990000 0.000000 0.000000 0.000000 0.386084
35.000000 -1.990000 0.000000 0.000000 75.000000 0.400514
35.000000 -1.990000 0.000000 0.000000 200.000000 0.362299
35.000000 -1.990000 40.000000 1.000000 -200.000000 0.023102
35.000000 -1.990000 40.000000 1.000000 -75.000000 0.100746
35.000000 -1.990000 40.000000 1.000000 0.000000 0.190722
35.000000 -1.990000 40.000000 1.000000 75.000000 0.204523
35.000000 -1.990000 40.000000 1.000000 200.000000 0.177952
35.000000 -1.990000 0.000000 10.000000 -200.000000 0.009693
35.000000 -1.990000 0.000000 10.000000 -75.000000 0.074507
35.000000 -1.990000 0.000000 10.000000 0.000000 0.180258
35.000000 -1.990000 0.000000 10.000000 75.000000 0.224853
35.000000 -1.990000 0.000000 10.000000 200.000000 0.201178
35.000000 -1.990000 0.000000 0.000000 -200.000000 0.236498
35.000000 -1.990000 0.000000 0.000000 -75.000000 0.288639
35.000000 -1.990000 0.000000 0.000000 0.000000 0.386084
35.000000 -1.990000 0.000000 0.000000 75.000000 0.400514
35.000000 -1.990000 0.000000 0.000000 200.000000 0.362299
35.000000 -1.990000 0.000000 0.000000 -200.000000 0.236498
35.000000 -1.990000 0.000000 0.000000 -75.000000 0.288639
35.000000 -1.990000 0.000000 0.000000 0.000000 0.386084
35.000000 -1.990000 0.000000 0.000000 75.000000 0.400514
35.000000 -1.990000 0.000000 0.000000 200.000000 0.362299
35.000000 -1.990000 80.000000 1.000000 -200.000000 0.023102
35.000000 -1.990000 80.000000 1.000000 -75.000000 0.100746
35.000000 -1.990000 80.000000 1.000000 0.000000 0.190722
35.000000 -1.990000 80.000000 1.000000 75.000000 0.204523
35.000000 -1.990000 80.000000 1.000000 200.000000 0.177952
35.000000 -1.990000 0.000000 10.000000 -200.000000 0.009693
35.000000 -1.990000 0.000000 10.000000 -75.000000 0.074507
35.000000 -1.990000 0.000000 10.000000 0.000000 0.180258
35.000000 -1.990000 0.000000 10.000000 75.000000 0.224853
35.000000 -1.990000 0.000000 10.000000 200.000000 0.201178
35.000000 -1.990000 0.000000 0.000000 -200.000000 0.236498
35.000000 -1.990000 0.000000 0.000000 -75.000000 0.288639
35.000000 -1.990000 0.000000 0.000000 0.000000 0.386084
35.000000 -1.990000 0.000000 0.000000 75.000000 0.400514
35.000000 -1.990000 0.000000 0.000000 200.000000 0.362299
35.000000 0.000000 0.000000 0.000000 -200.000000 0.166183
35.000000 0.000000 0.000000 0.000000 -75.000000 0.154208
35.000000 0.000000 0.000000 0.000000 0.000000 0.244360
35.000000 0.000000 0.000000 0.000000 75.000000 0.256942
35.000000 0.000000 0.000000 0.000000 200.000000 0.227881
35.000000 0.000000 0.000000 1.000000 -200.000000 0.104164
35.000000 0.000000 0.000000 1.000000 -75.000000 0.097621
35.000000 0.000000 0.000000 1.000000 0.000000 0.191358
35.000000 0.000000 0.000000 1.000000 75.000000 0.212182
35.000000 0.000000 0.000000 1.000000 200.000000 0.179534
35.000000 0.000000 0.000000 10.000000 -200.000000 -0.101295
35.000000 0.000000 0.000000 10.000000 -75.000000 -0.107838
35.000000 0.000000 0.000000 10.000000 0.000000 -0.009381
35.000000 0.000000 0.000000 10.000000 75.000000 0.040088
35.000000 0.000000 0.000000 10.000000 200.000000 0.046561
35.000000 0.000000 0.000000 0.000000 -200.000000 0.166183
35.000000 0.000000 0.000000 0.000000 -75.000000 0.154208
35.000000 0.000000 0.000000 0.000000 0.000000 0.244360
35.000000 0.000000 0.000000 0.000000 75.000000 0.256942
35.000000 0.000000 0.000000 0.000000 200.000000 0.227881
35.000000 0.000000 0.000000 0.000000 -200.000000 0.166183
35.000000 0.000000 0.000000 0.000000 -75.000000 0.154208
35.000000 0.000000 0.000000 0.000000 0.000000 0.244360
35.000000 0.000000 0.000000 0.000000 75.000000 0.256942
35.000000 0.000000 0.000000 0.000000 200.000000 0.227881
35.000000 0.000000 10.500000 1.000000 -200.000000 -0.000265
35.000000 0.000000 10.500000 1.000000 -75.000000 -0.006808
35.000000 0.000000 10.500000 1.000000 0.000000 0.064567
35.000000 0.000000 10.500000 1.000000 75.000000 0.083579
35.000000 0.000000 10.500000 1.000000 200.000000 0.050932
35.000000 0.000000 0.000000 10.000000 -200.000000 -0.101295
35.000000 0.000000 0.000000 10.000000 -75.000000 -0.107838
35.000000 0.000000 0.000000 10.000000 0.000000 -0.009381
35.000000 0.000000 0.000000 10.000000 75.000000 0.040088
35.000000 0.000000 0.000000 10.000000 200.000000 0.046561
35.000000 0.000000 0.000000 0.000000 -200.000000 0.166183
35.000000 0.000000 0.000000 0.000000 -75.000000 0.154208
35.000000 0.000000 0.000000 0.000000 0.000000 0.244360
35.000000 0.000000 0.000000 0.000000 75.000000 0.256942
35.000000 0.000000 0.000000 0.000000 200.000000 0.227881
35.000000 0.000000 0.000000 0.000000 -200.000000 0.166183
35.000000 0.000000 0.000000 0.000000 -75.000000 0.154208
35.000000 0.000000 0.000000 0.000000 0.000000 0.244360
35.000000 0.000000 0.000000 0.000000 75.000000 0.256942
35.000000 0.000000 0.000000 0.000000 200.000000 0.227881
35.000000 0.000000 40.000000 1.000000 -200.000000 0.092759
35.000000 0.000000 40.000000 1.000000 -75.000000 0.096896
35.000000 0.000000 40.000000 1.000000 0.000000 0.185453
35.000000 0.000000 40.000000 1.000000 75.000000 0.202572
35.000000 0.000000 40.000000 1.000000 200.000000 0.185153
35.000000 0.000000 0.000000 10.000000 -200.000000 -0.101295
35.000000 0.000000 0.000000 10.000000 -75.000000 -0.107838
35.000000 0.000000 0.000000 10.000000 0.000000 -0.009381
35.000000 0.000000 0.000000 10.000000 75.000000 0.040088
35.000000 0.000000 0.000000 10.000000 200.000000 0.046561
35.000000 0.000000 0.000000 0.000000 -200.000000 0.166183
35.000000 0.000000 0.000000 0.000000 -75.000000 0.154208
35.000000 0.000000 0.000000 0.000000 0.000000 0.244360
35.000000 0.000000 0.000000 0.000000 75.000000 0.256942
35.000000 0.000000 0.000000 0.000000 200.000000 0.227881
35.000000 0.000000 0.000000 0.000000 -200.000000 0.166183
35.000000 0.000000 0.000000 0.000000 -75.000000 0.154208
35.000000 0.000000 0.000000 0.000000 0.000000 0.244360
35.000000 0.000000 0.000000 0.000000 75.000000 0.256942
35.000000 0.000000 0.000000 0.000000 200.000000 0.227881
35.000000 0.000000 80.000000 1.000000 -200.000000 0.092759
35.000000 0.000000 80.000000 1.000000 -75.000000 0.096896
35.000000 0.000000 80.000000 1.000000 0.000000 0.185453
35.000000 0.000000 80.000000 1.000000 75.000000 0.202572
35.000000 0.000000 80.000000 1.000000 200.000000 0.185153
35.000000 0.000000 0.000000 10.000000 -200.000000 -0.101295
35.000000 0.000000 0.000000 10.000000 -75.000000 -0.107838
35.000000 0.000000 0.000000 10.000000 0.000000 -0.009381
35.000000 0.000000 0.000000 10.000000 75.000000 0.040088
35.000000 0.000000 0.000000 10.000000 200.000000 0.046561
35.000000 0.000000 0.000000 0.000000 -200.000000 0.166183
35.000000 0.000000 0.000000 0.000000 -75.000000 0.154208
35.000000 0.000000 0.000000 0.000000 0.000000 0.244360
35.000000 0.000000 0.000000 0.000000 75.000000 0.256942
35.000000 0.000000 0.000000 0.000000 200.000000 0.227881
35.000000 1.990000 0.000000 0.000000 -200.000000 0.294871
35.000000 1.990000 0.000000 0.000000 -75.000000 0.274155
35.000000 1.990000 0.000000 0.000000 0.000000 0.305821
35.000000 1.990000 0.000000 0.000000 75.000000 0.360398
35.000000 1.990000 0.000000 0.000000 200.000000 0.326114
35.000000 1.990000 0.000000 1.000000 -200.000000 0.242392
35.000000 1.990000 0.000000 1.000000 -75.000000 0.227108
35.000000 1.990000 0.000000 1.000000 0.000000 0.262360
35.000000 1.990000 0.000000 1.000000 75.000000 0.325178
35.000000 1.990000 0.000000 1.000000 200.000000 0.282710
35.000000 1.990000 0.000000 10.000000 -200.000000 -0.011528
35.000000 1.990000 0.000000 10.000000 -75.000000 -0.026811
35.000000 1.990000 0.000000 10.000000 0.000000 0.013161
35.000000 1.990000 0.000000 10.000000 75.000000 0.108895
35.000000 1.990000 0.000000 10.000000 200.000000 0.114092
35.000000 1.990000 0.000000 0.000000 -200.000000 0.294871
35.000000 1.990000 0.000000 0.000000 -75.000000 0.274155
35.000000 1.990000 0.000000 0.000000 0.000000 0.305821
35.000000 1.990000 0.000000 0.000000 75.000000 0.360398
35.000000 1.990000 0.000000 0.000000 200.000000 0.326114
35.000000 1.990000 0.000000 0.000000 -200.000000 0.294871
35.000000 1.990000 0.000000 0.000000 -75.000000 0.274155
35.000000 1.990000 0.000000 0.000000 0.000000 0.305821
35.000000 1.990000 0.000000 0.000000 75.000000 0.360398
35.000000 1.990000 0.000000 0.000000 200.000000 0.326114
35.000000 1.990000 10.500000 1.000000 -200.000000 0.127602
35.000000 1.990000 10.500000 1.000000 -75.000000 0.112319
35.000000 1.990000 10.500000 1.000000 0.000000 0.125208
35.000000 1.990000 10.500000 1.000000 75.000000 0.186215
35.000000 1.990000 10.500000 1.000000 200.000000 0.138358
35.000000 1.990000 0.000000 10.000000 -200.000000 -0.011528
35.000000 1.990000 0.000000 10.000000 -75.000000 -0.026811
35.000000 1.990000 0.000000 10.000000 0.000000 0.013161
35.000000 1.990000 0.000000 10.000000 75.000000 0.108895
35.000000 1.990000 0.000000 10.000000 200.000000 0.114092
35.000000 1.990000 0.000000 0.000000 -200.000000 0.294871
35.000000 1.990000 0.000000 0.000000 -75.000000 0.274155
35.000000 1.990000 0.000000 0.000000 0.000000 0.305821
35.000000 1.990000 0.000000 0.000000 75.000000 0.360398
35.000000 1.990000 0.000000 0.000000 200.000000 0.326114
35.000000 1.990000 0.000000 0.000000 -200.000000 0.294871
35.000000 1.990000 0.000000 0.000000 -75.000000 0.274155
35.000000 1.990000 0.000000 0.000000 0.000000 0.305821
35.000000 1.990000 0.000000 0.000000 75.000000 0.360398
35.000000 1.990000 0.000000 0.000000 200.000000 0.326114
35.000000 1.990000 40.000000 1.000000 -200.000000 0.098624
35.000000 1.990000 40.000000 1.000000 -75.000000 0.094020
35.000000 1.990000 40.000000 1.000000 0.000000 0.129593
35.000000 1.990000 40.000000 1.000000 75.000000 0.186884
35.000000 1.990000 40.000000 1.000000 200.000000 0.153849
35.000000 1.990000 0.000000 10.000000 -200.000000 -0.011528
35.000000 1.990000 0.000000 10.000000 -75.000000 -0.026811
35.000000 1.990000 0.000000 10.000000 0.000000 0.013161
35.000000 1.990000 0.000000 10.000000 75.000000 0.108895
35.000000 1.990000 0.000000 10.000000 200.000000 0.114092
35.000000 1.990000 0.000000 0.000000 -200.000000 0.294871
35.000000 1.990000 0.000000 0.000000 -75.000000 0.274155
35.000000 1.990000 0.000000 0.000000 0.000000 0.305821
35.000000 1.990000 0.000000 0.000000 75.000000 0.360398
35.000000 1.990000 0.000000 0.000000 200.000000 0.326114
35.000000 1.990000 0.000000 0.000000 -200.000000 0.294871
35.000000 1.990000 0.000000 0.000000 -75.000000 0.274155
35.000000 1.990000 0.000000 0.000000 0.000000 0.305821
35.000000 1.990000 0.000000 0.000000 75.000000 0.360398
35.000000 1.990000 0.000000 0.000000 200.000000 0.326114
35.000000 1.990000 80.000000 1.000000 -200.000000 0.098624
35.000000 1.990000 80.000000 1.000000 -75.000000 0.094020
35.000000 1.990000 80.000000 1.000000 0.000000 0.129593
35.000000 1.990000 80.000000 1.000000 75.000000 0.186884
35.000000 1.990000 80.000000 1.000000 200.000000 0.153849
35.000000 1.990000 0.000000 10.000000 -200.000000 -0.011528
35.000000 1.990000 0.000000 10.000000 -75.000000 -0.026811
35.000000 1.990000 0.000000 10.000000 0.000000 0.013161
35.000000 1.990000 0.000000 10.000000 75.000000 0.108895
35.000000 1.990000 0.000000 10.000000 200.000000 0.114092
35.000000 1.990000 0.000000 0.000000 -200.000000 0.294871
35.000000 1.990000 0.000000 0.000000 -75.000000 0.274155
35.000000 1.990000 0.000000 0.000000 0.000000 0.305821
35.000000 1.990000 0.000000 0.000000 75.000000 0.360398
35.000000 1.990000 0.000000 0.000000 200.000000 0.326114
75.000000 -1.990000 0.000000 0.000000 -200.000000 0.318873
75.000000 -1.990000 0.000000 0.000000 -75.000000 0.351564
75.000000 -1.990000 0.000000 0.000000 0.000000 0.513369
75.000000 -1.990000 0.000000 0.000000 75.000000 0.554720
75.000000 -1.990000 0.000000 0.000000 200.000000 0.513434
75.000000 -1.990000 0.000000 1.000000 -200.000000 0.251937
75.000000 -1.990000 0.000000 1.000000 -75.000000 0.297302
75.000000 -1.990000 0.000000 1.000000 0.000000 0.462693
75.000000 -1.990000 0.000000 1.000000 75.000000 0.504043
75.000000 -1.990000 0.000000 1.000000 200.000000 0.459171
75.000000 -1.990000 0.000000 10.000000 -200.000000 -0.001427
75.000000 -1.990000 0.000000 10.000000 -75.000000 0.043938
75.000000 -1.990000 0.000000 10.000000 0.000000 0.214049
75.000000 -1.990000 0.000000 10.000000 75.000000 0.277323
75.000000 -1.990000 0.000000 10.000000 200.000000 0.257190
75.000000 -1.990000 0.000000 0.000000 -200.000000 0.318873
75.000000 -1.990000 0.000000 0.000000 -75.000000 0.351564
75.000000 -1.990000 0.000000 0.000000 0.000000 0.513369
75.000000 -1.990000 0.000000 0.000000 75.000000 0.554720
75.000000 -1.990000 0.000000 0.000000 200.000000 0.513434
75.000000 -1.990000 0.000000 0.000000 -200.000000 0.318873
75.000000 -1.990000 0.000000 0.000000 -75.000000 0.351564
75.000000 -1.990000 0.000000 0.000000 0.000000 0.513369
75.000000 -1.990000 0.000000 0.000000 75.000000 0.554720
75.000000 -1.990000 0.000000 0.000000 200.000000 0.513434
75.000000 -1.990000 10.500000 1.000000 -200.000000 0.247399
75.000000 -1.990000 10.500000 1.000000 -75.000000 0.289078
75.000000 -1.990000 10.500000 1.000000 0.000000 0.429056
75.000000 -1.990000 10.500000 1.000000 75.000000 0.470407
75.000000 -1.990000 10.500000 1.000000 200.000000 0.425535
75.000000 -1.990000 0.000000 10.000000 -200.000000 -0.001427
75.000000 -1.990000 0.000000 10.000000 -75.000000 0.043938
75.000000 -1.990000 0.000000 10.000000 0.000000 0.214049
75.000000 -1.990000 0.000000 10.000000 75.000000 0.277323
75.000000 -1.990000 0.000000 10.000000 200.000000 0.257190
75.000000 -1.990000 0.000000 0.000000 -200.000000 0.318873
75.000000 -1.990000 0.000000 0.000000 -75.000000 0.351564
75.000000 -1.990000 0.000000 0.000000 0.000000 0.513369
75.000000 -1.990000 0.000000 0.000000 75.000000 0.554720
75.000000 -1.990000 0.000000 0.000000 200.000000 0.513434
75.000000 -1.990000 0.000000 0.000000 -200.000000 0.318873
75.000000 -1.990000 0.000000 0.000000 -75.000000 0.351564
75.000000 -1.990000 0.000000 0.000000 0.000000 0.513369
75.000000 -1.990000 0.000000 0.000000 75.000000 0.554720
75.000000 -1.990000 0.000000 0.000000 200.000000 0.513434
75.000000 -1.990000 40.000000 1.000000 -200.000000 0.108736
75.000000 -1.990000 40.000000 1.000000 -75.000000 0.156250
75.000000 -1.990000 40.000000 1.000000 0.000000 0.267957
75.000000 -1.990000 40.000000 1.000000 75.000000 0.329184
75.000000 -1.990000 40.000000 1.000000 200.000000 0.299541
75.000000 -1.990000 0.000000 10.000000 -200.000000 -0.001427
75.000000 -1.990000 0.000000 10.000000 -75.000000 0.043938
75.000000 -1.990000 0.000000 10.000000 0.000000 0.214049
75.000000 -1.990000 0.000000 10.000000 75.000000 0.277323
75.000000 -1.990000 0.000000 10.000000 200.000000 0.257190
75.000000 -1.990000 0.000000 0.000000 -200.000000 0.318873
75.000000 -1.990000 0.000000 0.000000 -75.000000 0.351564
75.000000 -1.990000 0.000000 0.000000 0.000000 0.513369
75.000000 -1.990000 0.000000 0.000000 75.000000 0.554720
75.000000 -1.990000 0.000000 0.000000 200.000000 0.513434
75.000000 -1.990000 0.000000 0.000000 -200.000000 0.318873
75.000000 -1.990000 0.000000 0.000000 -75.000000 0.351564
75.000000 -1.990000 0.000000 0.000000 0.000000 0.513369
75.000000 -1.990000 0.000000 0.000000 75.000000 0.554720
75.000000 -1.990000 0.000000 0.000000 200.000000 0.513434
75.000000 -1.990000 80.000000 1.000000 -200.000000 0.108736
75.000000 -1.990000 80.000000 1.000000 -75.000000 0.156250
75.000000 -1.990000 80.000000 1.000000 0.000000 0.267957
75.000000 -1.990000 80.000000 1.000000 75.000000 0.329184
75.000000 -1.990000 80.000000 1.000000 200.000000 0.299541
75.000000 -1.990000 0.000000 10.000000 -200.000000 -0.001427
75.000000 -1.990000 0.000000 10.000000 -75.000000 0.043938
75.000000 -1.990000 0.000000 10.000000 0.000000 0.214049
75.000000 -1.990000 0.000000 10.000000 75.000000 0.277323
75.000000 -1.990000 0.000000 10.000000 200.000000 0.257190
75.000000 -1.990000 0.000000 0.000000 -200.000000 0.318873
75.000000 -1.990000 0.000000 0.000000 -75.000000 0.351564
75.000000 -1.990000 0.000000 0.000000 0.000000 0.513369
75.000000 -1.990000 0.000000 0.000000 75.000000 0.554720
75.000000 -1.990000 0.000000 0.000000 200.000000 0.513434
75.000000 0.000000 0.000000 0.000000 -200.000000 0.205853
75.000000 0.000000 0.000000 0.000000 -75.000000 0.172173
75.000000 0.000000 0.000000 0.000000 0.000000 0.332192
75.000000 0.000000 0.000000 0.000000 75.000000 0.370213
75.000000 0.000000 0.000000 0.000000 200.000000 0.346986
75.000000 0.000000 0.000000 1.000000 -200.000000 0.139442
75.000000 0.000000 0.000000 1.000000 -75.000000 0.111194
75.000000 0.000000 0.000000 1.000000 0.000000 0.274799
75.000000 0.000000 0.000000 1.000000 75.000000 0.312820
75.000000 0.000000 0.000000 1.000000 200.000000 0.286006
75.000000 0.000000 0.000000 10.000000 -200.000000 -0.121558
75.000000 0.000000 0.000000 10.000000 -75.000000 -0.149806
75.000000 0.000000 0.000000 10.000000 0.000000 0.018519
75.000000 0.000000 0.000000 10.000000 75.000000 0.085186
75.000000 0.000000 0.000000 10.000000 200.000000 0.104105
75.000000 0.000000 0.000000 0.000000 -200.000000 0.205853
75.000000 0.000000 0.000000 0.000000 -75.000000 0.172173
75.000000 0.000000 0.000000 0.000000 0.000000 0.332192
75.000000 0.000000 0.000000 0.000000 75.000000 0.370213
75.000000 0.000000 0.000000 0.000000 200.000000 0.346986
75.000000 0.000000 0.000000 0.000000 -200.000000 0.205853
75.000000 0.000000 0.000000 0.000000 -75.000000 0.172173
75.000000 0.000000 0.000000 0.000000 0.000000 0.332192
75.000000 0.000000 0.000000 0.000000 75.000000 0.370213
75.000000 0.000000 0.000000 0.000000 200.000000 0.346986
75.000000 0.000000 10.500000 1.000000 -200.000000 0.122219
75.000000 0.000000 10.500000 1.000000 -75.000000 0.093970
75.000000 0.000000 10.500000 1.000000 0.000000 0.232163
75.000000 0.000000 10.500000 1.000000 75.000000 0.270184
75.000000 0.000000 10.500000 1.000000 200.000000 0.243370
75.000000 0.000000 0.000000 10.000000 -200.000000 -0.121558
75.000000 0.000000 0.000000 10.000000 -75.000000 -0.149806
75.000000 0.000000 0.000000 10.000000 0.000000 0.018519
75.000000 0.000000 0.000000 10.000000 75.000000 0.085186
75.000000 0.000000 0.000000 10.000000 200.000000 0.104105
75.000000 0.000000 0.000000 0.000000 -200.000000 0.205853
75.000000 0.000000 0.000000 0.000000 -75.000000 0.172173
75.000000 0.000000 0.000000 0.000000 0.000000 0.332192
75.000000 0.000000 0.000000 0.000000 75.000000 0.370213
75.000000 0.000000 0.000000 0.000000 200.000000 0.346986
75.000000 0.000000 0.000000 0.000000 -200.000000 0.205853
75.000000 0.000000 0.000000 0.000000 -75.000000 0.172173
75.000000 0.000000 0.000000 0.000000 0.000000 0.332192
75.000000 0.000000 0.000000 0.000000 75.000000 0.370213
75.000000 0.000000 0.000000 0.000000 200.000000 0.346986
75.000000 0.000000 40.000000 1.000000 -200.000000 0.130901
75.000000 0.000000 40.000000 1.000000 -75.000000 0.102653
75.000000 0.000000 40.000000 1.000000 0.000000 0.218447
75.000000 0.000000 40.000000 1.000000 75.000000 0.281510
75.000000 0.000000 40.000000 1.000000 200.000000 0.269926
75.000000 0.000000 0.000000 10.000000 -200.000000 -0.121558
75.000000 0.000000 0.000000 10.000000 -75.000000 -0.149806
75.000000 0.000000 0.000000 10.000000 0.000000 0.018519
75.000000 0.000000 0.000000 10.000000 75.000000 0.085186
75.000000 0.000000 0.000000 10.000000 200.000000 0.104105
75.000000 0.000000 0.000000 0.000000 -200.000000 0.205853
75.000000 0.000000 0.000000 0.000000 -75.000000 0.172173
75.000000 0.000000 0.000000 0.000000 0.000000 0.332192
75.000000 0.000000 0.000000 0.000000 75.000000 0.370213
75.000000 0.000000 0.000000 0.000000 200.000000 0.346986
75.000000 0.000000 0.000000 0.000000 -200.000000 0.205853
75.000000 0.000000 0.000000 0.000000 -75.000000 0.172173
75.000000 0.000000 0.000000 0.000000 0.000000 0.332192
75.000000 0.000000 0.000000 0.000000 75.000000 0.370213
75.000000 0.000000 0.000000 0.000000 200.000000 0.346986
75.000000 0.000000 80.000000 1.000000 -200.000000 0.130901
75.000000 0.000000 80.000000 1.000000 -75.000000 0.102653
75.000000 0.000000 80.000000 1.000000 0.000000 0.218447
75.000000 0.000000 80.000000 1.000000 75.000000 0.281510
75.000000 0.000000 80.000000 1.000000 200.000000 0.269926
75.000000 0.000000 0.000000 10.000000 -200.000000 -0.121558
75.000000 0.000000 0.000000 10.000000 -75.000000 -0.149806
75.000000 0.000000 0.000000 10.000000 0.000000 0.018519
75.000000 0.000000 0.000000 10.000000 75.000000 0.085186
75.000000 0.000000 0.000000 10.000000 200.000000 0.104105
75.000000 0.000000 0.000000 0.000000 -200.000000 0.205853
75.000000 0.000000 0.000000 0.000000 -75.000000 0.172173
75.000000 0.000000 0.000000 0.000000 0.000000 0.332192
75.000000 0.000000 0.000000 0.000000 75.000000 0.370213
75.000000 0.000000 0.000000 0.000000 200.000000 0.346986
75.000000 1.990000 0.000000 0.000000 -200.000000 0.141145
75.000000 1.990000 0.000000 0.000000 -75.000000 0.110148
75.000000 1.990000 0.000000 0.000000 0.000000 0.187549
75.000000 1.990000 0.000000 0.000000 75.000000 0.277550
75.000000 1.990000 0.000000 0.000000 200.000000 0.278658
75.000000 1.990000 0.000000 1.000000 -200.000000 0.075590
75.000000 1.990000 0.000000 1.000000 -75.000000 0.050025
75.000000 1.990000 0.000000 1.000000 0.000000 0.131012
75.000000 1.990000 0.000000 1.000000 75.000000 0.221013
75.000000 1.990000 0.000000 1.000000 200.000000 0.213936
75.000000 1.990000 0.000000 10.000000 -200.000000 -0.194032
75.000000 1.990000 0.000000 10.000000 -75.000000 -0.219596
75.000000 1.990000 0.000000 10.000000 0.000000 -0.133890
75.000000 1.990000 0.000000 10.000000 75.000000 -0.010972
75.000000 1.990000 0.000000 10.000000 200.000000 0.036230
75.000000 1.990000 0.000000 0.000000 -200.000000 0.141145
75.000000 1.990000 0.000000 0.000000 -75.000000 0.110148
75.000000 1.990000 0.000000 0.000000 0.000000 0.187549
75.000000 1.990000 0.000000 0.000000 75.000000 0.277550
75.000000 1.990000 0.000000 0.000000 200.000000 0.278658
75.000000 1.990000 0.000000 0.000000 -200.000000 0.141145
75.000000 1.990000 0.000000 0.000000 -75.000000 0.110148
75.000000 1.990000 0.000000 0.000000 0.000000 0.187549
75.000000 1.990000 0.000000 0.000000 75.000000 0.277550
75.000000 1.990000 0.000000 0.000000 200.000000 0.278658
75.000000 1.990000 10.500000 1.000000 -200.000000 0.052470
75.000000 1.990000 10.500000 1.000000 -75.000000 0.026906
75.000000 1.990000 10.500000 1.000000 0.000000 0.082479
75.000000 1.990000 10.500000 1.000000 75.000000 0.172480
75.000000 1.990000 10.500000 1.000000 200.000000 0.160015
75.000000 1.990000 0.000000 10.000000 -200.000000 -0.194032
75.000000 1.990000 0.000000 10.000000 -75.000000 -0.219596
75.000000 1.990000 0.000000 10.000000 0.000000 -0.133890
75.000000 1.990000 0.000000 10.000000 75.000000 -0.010972
75.000000 1.990000 0.000000 10.000000 200.000000 0.036230
75.000000 1.990000 0.000000 0.000000 -200.000000 0.141145
75.000000 1.990000 0.000000 0.000000 -75.000000 0.110148
75.000000 1.990000 0.000000 0.000000 0.000000 0.187549
75.000000 1.990000 0.000000 0.000000 75.000000 0.277550
75.000000 1.990000 0.000000 0.000000 200.000000 0.278658
75.000000 1.990000 0.000000 0.000000 -200.000000 0.141145
75.000000 1.990000 0.000000 0.000000 -75.000000 0.110148
75.000000 1.990000 0.000000 0.000000 0.000000 0.187549
75.000000 1.990000 0.000000 0.000000 75.000000 0.277550
75.000000 1.990000 0.000000 0.000000 200.000000 0.278658
75.000000 1.990000 40.000000 1.000000 -200.000000 -0.041301
75.000000 1.990000 40.000000 1.000000 -75.000000 -0.066866
75.000000 1.990000 40.000000 1.000000 0.000000 -0.028189
75.000000 1.990000 40.000000 1.000000 75.000000 0.085032
75.000000 1.990000 40.000000 1.000000 200.000000 0.087388
75.000000 1.990000 0.000000 10.000000 -200.000000 -0.194032
75.000000 1.990000 0.000000 10.000000 -75.000000 -0.219596
75.000000 1.990000 0.000000 10.000000 0.000000 -0.133890
75.000000 1.990000 0.000000 10.000000 75.000000 -0.010972
75.000000 1.990000 0.000000 10.000000 200.000000 0.036230
75.000000 1.990000 0.000000 0.000000 -200.000000 0.141145
75.000000 1.990000 0.000000 0.000000 -75.000000 0.110148
75.000000 1.990000 0.000000 0.000000 0.000000 0.187549
75.000000 1.990000 0.000000 0.000000 75.000000 0.277550
75.000000 1.990000 0.000000 0.000000 200.000000 0.278658
75.000000 1.990000 0.000000 0.000000 -200.000000 0.141145
75.000000 1.990000 0.000000 0.000000 -75.000000 0.110148
75.000000 1.990000 0.000000 0.000000 0.000000 0.187549
75.000000 1.990000 0.000000 0.000000 75.000000 0.277550
75.000000 1.990000 0.000000 0.000000 200.000000 0.278658
75.000000 1.990000 80.000000 1.000000 -200.000000 -0.041301
75.000000 1.990000 80.000000 1.000000 -75.000000 -0.066866
75.000000 1.990000 80.000000 1.000000 0.000000 -0.028189
75.000000 1.990000 80.000000 1.000000 75.000000 0.085032
75.000000 1.990000 80.000000 1.000000 200.000000 0.087388
75.000000 1.990000 0.000000 10.000000 -200.000000 -0.194032
75.000000 1.990000 0.000000 10.000000 -75.000000 -0.219596
75.000000 1.990000 0.000000 10.000000 0.000000 -0.133890
75.000000 1.990000 0.000000 10.000000 75.000000 -0.010972
75.000000 1.990000 0.000000 10.000000 200.000000 0.036230
75.000000 1.990000 0.000000 0.000000 -200.000000 0.141145
75.000000 1.990000 0.000000 0.000000 -75.000000 0.110148
75.000000 1.990000 0.000000 0.000000 0.000000 0.187549
75.000000 1.990000 0.000000 0.000000 75.000000 0.277550
75.000000 1.990000 0.000000 0.000000 200.000000 0.278658
300.000000 -1.990000 0.000000 0.000000 -200.000000 0.318873
300.000000 -1.990000 0.000000 0.000000 -75.000000 0.351564
300.000000 -1.990000 0.000000 0.000000 0.000000 0.513369
300.000000 -1.990000 0.000000 0.000000 75.000000 0.554720
300.000000 -1.990000 0.000000 0.000000 200.000000 0.513434
300.000000 -1.990000 0.000000 1.000000 -200.000000 0.251937
300.000000 -1.990000 0.000000 1.000000 -75.000000 0.297302
300.000000 -1.990000 0.000000 1.000000 0.000000 0.462693
300.000000 -1.990000 0.000000 1.000000 75.000000 0.504043
300.000000 -1.990000 0.000000 1.000000 200.000000 0.459171
300.000000 -1.990000 0.000000 10.000000 -200.000000 -0.001427
300.000000 -1.990000 0.000000 10.000000 -75.000000 0.043938
300.000000 -1.990000 0.000000 10.000000 0.000000 0.214049
300.000000 -1.990000 0.000000 10.000000 75.000000 0.277323
300.000000 -1.990000 0.000000 10.000000 200.000000 0.257190
300.000000 -1.990000 0.000000 0.000000 -200.000000 0.318873
300.000000 -1.990000 0.000000 0.000000 -75.000000 0.351564
300.000000 -1.990000 0.000000 0.000000 0.000000 0.513369
300.000000 -1.990000 0.000000 0.000000 75.000000 0.554720
300.000000 -1.990000 0.000000 0.000000 200.000000 0.513434
300.000000 -1.990000 0.000000 0.000000 -200.000000 0.318873
300.000000 -1.990000 0.000000 0.000000 -75.000000 0.351564
300.000000 -1.990000 0.000000 0.000000 0.000000 0.513369
300.000000 -1.990000 0.000000 0.000000 75.000000 0.554720
300.000000 -1.990000 0.000000 0.000000 200.000000 0.513434
300.000000 -1.990000 10.500000 1.000000 -200.000000 0.247399
300.000000 -1.990000 10.500000 1.000000 -75.000000 0.289078
300.000000 -1.990000 10.500000 1.000000 0.000000 0.429056
300.000000 -1.990000 10.500000 1.000000 75.000000 0.470407
300.000000 -1.990000 10.500000 1.000000 200.000000 0.425535
300.000000 -1.990000 0.000000 10.000000 -200.000000 -0.001427
300.000000 -1.990000 0.000000 10.000000 -75.000000 0.043938
300.000000 -1.990000 0.000000 10.000000 0.000000 0.214049
300.000000 -1.990000 0.000000 10.000000 75.000000 0.277323
300.000000 -1.990000 0.000000 10.000000 200.000000 0.257190
300.000000 -1.990000 0.000000 0.000000 -200.000000 0.318873
300.000000 -1.990000 0.000000 0.000000 -75.000000 0.351564
300.000000 -1.990000 0.000000 0.000000 0.000000 0.513369
300.000000 -1.990000 0.000000 0.000000 75.000000 0.554720
300.000000 -1.990000 0.000000 0.000000 200.000000 0.513434
300.000000 -1.990000 0.000000 0.000000 -200.000000 0.318873
300.000000 -1.990000 0.000000 0.000000 -75.000000 0.351564
300.000000 -1.990000 0.000000 0.000000 0.000000 0.513369
300.000000 -1.990000 0.000000 0.000000 75.000000 0.554720
300.000000 -1.990000 0.000000 0.000000 200.000000 0.513434
300.000000 -1.990000 40.000000 1.000000 -200.000000 0.108736
300.000000 -1.990000 40.000000 1.000000 -75.000000 0.156250
300.000000 -1.990000 40.000000 1.000000 0.000000 0.267957
300.000000 -1.990000 40.000000 1.000000 75.000000 0.329184
300.000000 -1.990000 40.000000 1.000000 200.000000 0.299541
300.000000 -1.990000 0.000000 10.000000 -200.000000 -0.001427
300.000000 -1.990000 0.000000 10.000000 -75.000000 0.043938
300.000000 -1.990000 0.000000 10.000000 0.000000 0.214049
300.000000 -1.990000 0.000000 10.000000 75.000000 0.277323
300.000000 -1.990000 0.000000 10.000000 200.000000 0.257190
300.000000 -1.990000 0.000000 0.000000 -200.000000 0.318873
300.000000 -1.990000 0.000000 0.000000 -75.000000 0.351564
300.000000 -1.990000 0.000000 0.000000 0.000000 0.513369
300.000000 -1.990000 0.000000 0.000000 75.000000 0.554720
300.000000 -1.990000 0.000000 0.000000 200.000000 0.513434
300.000000 -1.990000 0.000000 0.000000 -200.000000 0.318873
300.000000 -1.990000 0.000000 0.000000 -75.000000 0.351564
300.000000 -1.990000 0.000000 0.000000 0.000000 0.513369
300.000000 -1.990000 0.000000 0.000000 75.000000 0.554720
300.000000 -1.990000 0.000000 0.000000 200.000000 0.513434
300.000000 -1.990000 80.000000 1.000000 -200.000000 0.108736
300.000000 -1.990000 80.000000 1.000000 -75.000000 0.156250
300.000000 -1.990000 80.000000 1.000000 0.000000 0.267957
300.000000 -1.990000 80.000000 1.000000 75.000000 0.329184
300.000000 -1.990000 80.000000 1.000000 200.000000 0.299541
300.000000 -1.990000 0.000000 10.000000 -200.000000 -0.001427
300.000000 -1.990000 0.000000 10.000000 -75.000000 0.043938
300.000000 -1.990000 0.000000 10.000000 0.000000 0.214049
300.000000 -1.990000 0.000000 10.000000 75.000000 0.277323
300.000000 -1.990000 0.000000 10.000000 200.000000 0.257190
300.000000 -1.990000 0.000000 0.000000 -200.000000 0.318873
300.000000 -1.990000 0.000000 0.000000 -75.000000 0.351564
300.000000 -1.990000 0.000000 0.000000 0.000000 0.513369
300.000000 -1.990000 0.000000 0.000000 75.000000 0.554720
300.000000 -1.990000 0.000000 0.000000 200.000000 0.513434
300.000000 0.000000 0.000000 0.000000 -200.000000 0.205853
300.000000 0.000000 0.000000 0.000000 -75.000000 0.172173
300.000000 0.000000 0.000000 0.000000 0.000000 0.332192
300.000000 0.000000 0.000000 0.000000 75.000000 0.370213
300.000000 0.000000 0.000000 0.000000 200.000000 0.346986
300.000000 0.000000 0.000000 1.000000 -200.000000 0.139442
300.000000 0.000000 0.000000 1.000000 -75.000000 0.111194
300.000000 0.000000 0.000000 1.000000 0.000000 0.274799
300.000000 0.000000 0.000000 1.000000 75.000000 0.312820
300.000000 0.000000 0.000000 1.000000 200.000000 0.286006
300.000000 0.000000 0.000000 10.000000 -200.000000 -0.121558
300.000000 0.000000 0.000000 10.000000 -75.000000 -0.149806
300.000000 0.000000 0.000000 10.000000 0.000000 0.018519
300.000000 0.000000 0.000000 10.000000 75.000000 0.085186
300.000000 0.000000 0.000000 10.000000 200.000000 0.104105
300.000000 0.000000 0.000000 0.000000 -200.000000 0.205853
300.000000 0.000000 0.000000 0.000000 -75.000000 0.172173
300.000000 0.000000 0.000000 0.000000 0.000000 0.332192
300.000000 0.000000 0.000000 0.000000 75.000000 0.370213
300.000000 0.000000 0.000000 0.000000 200.000000 0.346986
300.000000 0.000000 0.000000 0.000000 -200.000000 0.205853
300.000000 0.000000 0.000000 0.000000 -75.000000 0.172173
300.000000 0.000000 0.000000 0.000000 0.000000 0.332192
300.000000 0.000000 0.000000 0.000000 75.000000 0.370213
300.000000 0.000000 0.000000 0.000000 200.000000 0.346986
300.000000 0.000000 10.500000 1.000000 -200.000000 0.122219
300.000000 0.000000 10.500000 1.000000 -75.000000 0.093970
300.000000 0.000000 10.500000 1.000000 0.000000 0.232163
300.000000 0.000000 10.500000 1.000000 75.000000 0.270184
300.000000 0.000000 10.500000 1.000000 200.000000 0.243370
300.000000 0.000000 0.000000 10.000000 -200.000000 -0.121558
300.000000 0.000000 0.000000 10.000000 -75.000000 -0.149806
300.000000 0.000000 0.000000 10.000000 0.000000 0.018519
300.000000 0.000000 0.000000 10.000000 75.000000 0.085186
300.000000 0.000000 0.000000 10.000000 200.000000 0.104105
300.000000 0.000000 0.000000 0.000000 -200.000000 0.205853
300.000000 0.000000 0.000000 0.000000 -75.000000 0.172173
300.000000 0.000000 0.000000 0.000000 0.000000 0.332192
300.000000 0.000000 0.000000 0.000000 75.000000 0.370213
300.000000 0.000000 0.000000 0.000000 200.000000 0.346986
300.000000 0.000000 0.000000 0.000000 -200.000000 0.205853
300.000000 0.000000 0.000000 0.000000 -75.000000 0.172173
300.000000 0.000000 0.000000 0.000000 0.000000 0.332192
300.000000 0.000000 0.000000 0.000000 75.000000 0.370213
300.000000 0.000000 0.000000 0.000000 200.000000 0.346986
300.000000 0.000000 40.000000 1.000000 -200.000000 0.130901
300.000000 0.000000 40.000000 1.000000 -75.000000 0.102653
300.000000 0.000000 40.000000 1.000000 0.000000 0.218447
300.000000 0.000000 40.000000 1.000000 75.000000 0.281510
300.000000 0.000000 40.000000 1.000000 200.000000 0.269926
300.000000 0.000000 0.000000 10.000000 -200.000000 -0.121558
300.000000 0.000000 0.000000 10.000000 -75.000000 -0.149806
300.000000 0.000000 0.000000 10.000000 0.000000 0.018519
300.000000 0.000000 0.000000 10.000000 75.000000 0.085186
300.000000 0.000000 0.000000 10.000000 200.000000 0.104105
300.000000 0.000000 0.000000 0.000000 -200.000000 0.205853
300.000000 0.000000 0.000000 0.000000 -75.000000 0.172173
300.000000 0.000000 0.000000 0.000000 0.000000 0.332192
300.000000 0.000000 0.000000 0.000000 75.000000 0.370213
300.000000 0.000000 0.000000 0.000000 200.000000 0.346986
300.000000 0.000000 0.000000 0.000000 -200.000000 0.205853
300.000000 0.000000 0.000000 0.000000 -75.000000 0.172173
300.000000 0.000000 0.000000 0.000000 0.000000 0.332192
300.000000 0.000000 0.000000 0.000000 75.000000 0.370213
300.000000 0.000000 0.000000 0.000000 200.000000 0.346986
300.000000 0.000000 80.000000 1.000000 -200.000000 0.130901
300.000000 0.000000 80.000000 1.000000 -75.000000 0.102653
300.000000 0.000000 80.000000 1.000000 0.000000 0.218447
300.000000 0.000000 80.000000 1.000000 75.000000 0.281510
300.000000 0.000000 80.000000 1.000000 200.000000 0.269926
300.000000 0.000000 0.000000 10.000000 -200.000000 -0.121558
300.000000 0.000000 0.000000 10.000000 -75.000000 -0.149806
300.000000 0.000000 0.000000 10.000000 0.000000 0.018519
300.000000 0.000000 0.000000 10.000000 75.000000 0.085186
300.000000 0.000000 0.000000 10.000000 200.000000 0.104105
300.000000 0.000000 0.000000 0.000000 -200.000000 0.205853
300.000000 0.000000 0.000000 0.000000 -75.000000 0.172173
300.000000 0.000000 0.000000 0.000000 0.000000 0.332192
300.000000 0.000000 0.000000 0.000000 75.000000 0.370213
300.000000 0.000000 0.000000 0.000000 200.000000 0.346986
300.000000 1.990000 0.000000 0.000000 -200.000000 0.141145
300.000000 1.990000 0.000000 0.000000 -75.000000 0.110148
300.000000 1.990000 0.000000 0.000000 0.000000 0.187549
300.000000 1.990000 0.000000 0.000000 75.000000 0.277550
300.000000 1.990000 0.000000 0.000000 200.000000 0.278658
300.000000 1.990000 0.000000 1.000000 -200.000000 0.075590
300.000000 1.990000 0.000000 1.000000 -75.000000 0.050025
300.000000 1.990000 0.000000 1.000000 0.000000 0.131012
300.000000 1.990000 0.000000 1.000000 75.000000 0.221013
300.000000 1.990000 0.000000 1.000000 200.000000 0.213936
300.000000 1.990000 0.000000 10.000000 -200.000000 -0.194032
300.000000 1.990000 0.000000 10.000000 -75.000000 -0.219596
300.000000 1.990000 0.000000 10.000000 0.000000 -0.133890
300.000000 1.990000 0.000000 10.000000 75.000000 -0.010972
300.000000 1.990000 0.000000 10.000000 200.000000 0.036230
300.000000 1.990000 0.000000 0.000000 -200.000000 0.141145
300.000000 1.990000 0.000000 0.000000 -75.000000 0.110148
300.000000 1.990000 0.000000 0.000000 0.000000 0.187549
300.000000 1.990000 0.000000 0.000000 75.000000 0.277550
300.000000 1.990000 0.000000 0.000000 200.000000 0.278658
300.000000 1.990000 0.000000 0.000000 -200.000000 0.141145
300.000000 1.990000 0.000000 0.000000 -75.000000 0.110148
300.000000 1.990000 0.000000 0.000000 0.000000 0.187549
300.000000 1.990000 0.000000 0.000000 75.000000 0.277550
300.000000 1.990000 0.000000 0.000000 200.000000 0.278658
300.000000 1.990000 10.500000 1.000000 -200.000000 0.052470
300.000000 1.990000 10.500000 1.000000 -75.000000 0.026906
300.000000 1.990000 10.500000 1.000000 0.000000 0.082479
300.000000 1.990000 10.500000 1.000000 75.000000 0.172480
300.000000 1.990000 10.500000 1.000000 200.000000 0.160015
300.000000 1.990000 0.000000 10.000000 -200.000000 -0.194032
300.000000 1.990000 0.000000 10.000000 -75.000000 -0.219596
300.000000 1.990000 0.000000 10.000000 0.000000 -0.133890
300.000000 1.990000 0.000000 10.000000 75.000000 -0.010972
300.000000 1.990000 0.000000 10.000000 200.000000 0.036230
300.000000 1.990000 0.000000 0.000000 -200.000000 0.141145
300.000000 1.990000 0.000000 0.000000 -75.000000 0.110148
300.000000 1.990000 0.000000 0.000000 0.000000 0.187549
300.000000 1.990000 0.000000 0.000000 75.000000 0.277550
300.000000 1.990000 0.000000 0.000000 200.000000 0.278658
300.000000 1.990000 0.000000 0.000000 -200.000000 0.141145
300.000000 1.990000 0.000000 0.000000 -75.000000 0.110148
300.000000 1.990000 0.000000 0.000000 0.000000 0.187549
300.000000 1.990000 0.000000 0.000000 75.000000 0.277550
300.000000 1.990000 0.000000 0.000000 200.000000 0.278658
300.000000 1.990000 40.000000 1.000000 -200.000000 -0.041301
300.000000 1.990000 40.000000 1.000000 -75.000000 -0.066866
300.000000 1.990000 40.000000 1.000000 0.000000 -0.028189
300.000000 1.990000 40.000000 1.000000 75.000000 0.085032
300.000000 1.990000 40.000000 1.000000 200.000000 0.087388
300.000000 1.990000 0.000000 10.000000 -200.000000 -0.194032
300.000000 1.990000 0.000000 10.000000 -75.000000 -0.219596
300.000000 1.990000 0.000000 10.000000 0.000000 -0.133890
300.000000 1.990000 0.000000 10.000000 75.000000 -0.010972
300.000000 1.990000 0.000000 10.000000 200.000000 0.036230
300.000000 1.990000 0.000000 0.000000 -200.000000 0.141145
300.000000 1.990000 0.000000 0.000000 -75.000000 0.110148
300.000000 1.990000 0.000000 0.000000 0.000000 0.187549
300.000000 1.990000 0.000000 0.000000 75.000000 0.277550
300.000000 1.990000 0.000000 0.000000 200.000000 0.278658
300.000000 1.990000 0.000000 0.000000 -200.000000 0.141145
300.000000 1.990000 0.000000 0.000000 -75.000000 0.110148
300.000000 1.990000 0.000000 0.000000 0.000000 0.187549
300.000000 1.990000 0.000000 0.000000 75.000000 0.277550
300.000000 1.990000 0.000000 0.000000 200.000000 0.278658
300.000000 1.990000 80.000000 1.000000 -200.000000 -0.041301
300.000000 1.990000 80.000000 1.000000 -75.000000 -0.066866
300.000000 1.990000 80.000000 1.000000 0.000000 -0.028189
300.000000 1.990000 80.000000 1.000000 75.000000 0.085032
300.000000 1.990000 80.000000 1.000000 200.000000 0.087388
300.000000 1.990000 0.000000 10.000000 -200.000000 -0.194032
300.000000 1.990000 0.000000 10.000000 -75.000000 -0.219596
300.000000 1.990000 0.000000 10.000000 0.000000 -0.133890
300.000000 1.990000 0.000000 10.000000 75.000000 -0.010972
300.000000 1.990000 0.000000 10.000000 200.000000 0.036230
300.000000 1.990000 0.000000 0.000000 -200.000000 0.141145
300.000000 1.990000 0.000000 0.000000 -75.000000 0.110148
300.000000 1.990000 0.000000 0.000000 0.000000 0.187549
300.000000 1.990000 0.000000 0.000000 75.000000 0.277550
300.000000 1.990000 0.000000 0.000000 200.000000 0.278658
